Num of vertices: 20
Num of edges: 98
Starting computation...
Finished computation
Time Elapsed: 0.00114805 sec
0 174 412 369 214 232 346 460 7 79 215 293 284 324 241 277 124 399 121 386 
174 0 428 385 230 392 506 620 167 95 92 467 300 320 401 437 298 358 295 480 
412 428 0 43 198 201 315 429 405 333 397 317 268 169 192 246 486 94 533 58 
369 385 43 0 155 158 272 386 362 290 426 274 225 212 149 203 443 137 490 101 
214 230 198 155 0 313 377 491 207 135 271 429 70 252 304 308 338 292 335 256 
232 392 201 158 313 0 114 228 225 297 433 116 283 370 9 45 285 295 338 259 
346 506 315 272 377 114 0 114 339 411 547 230 307 484 123 69 399 409 362 373 
460 620 429 386 491 228 114 0 453 525 650 344 421 598 237 183 513 523 442 487 
7 167 405 362 207 225 339 453 0 72 208 300 277 317 234 270 131 392 128 379 
79 95 333 290 135 297 411 525 72 0 136 372 205 245 306 342 203 320 200 391 
215 92 397 426 271 433 547 650 208 136 0 508 341 228 442 478 339 303 336 425 
293 467 317 274 429 116 230 344 300 372 508 0 399 486 125 161 169 411 414 375 
284 300 268 225 70 283 307 421 277 205 341 399 0 322 292 238 408 362 405 326 
324 320 169 212 252 370 484 598 317 245 228 486 322 0 361 415 448 75 445 197 
241 401 192 149 304 9 123 237 234 306 442 125 292 361 0 54 294 286 347 250 
277 437 246 203 308 45 69 183 270 342 478 161 238 415 54 0 330 340 293 304 
124 298 486 443 338 285 399 513 131 203 339 169 408 448 294 330 0 523 245 510 
399 358 94 137 292 295 409 523 392 320 303 411 362 75 286 340 523 0 520 122 
121 295 533 490 335 338 362 442 128 200 336 414 405 445 347 293 245 520 0 507 
386 480 58 101 256 259 373 487 379 391 425 375 326 197 250 304 510 122 507 0 
